16
    7.6940    6.3331    4.8354   18.5462   11.2096    1.7444    3.9747   17.1404    5.3885   14.4601    5.6597   17.7572   10.5653   17.1424   14.7284   15.6292
    6.3688   13.6584   14.1734    4.9801    7.1050   15.9902   10.4096   12.9934   12.1609    4.4459    6.3103  6.6116    7.5929   13.2405    5.2358   11.5096
    2.1597    8.3441   10.8434    2.8065   18.6332   19.7192   17.1323   12.6923   10.4317    7.1642    5.0140  3.4008   20.1176    3.8466    5.1411   13.3883
   17.5808    2.5296    2.3944   15.7678    6.5140    6.9730   20.1678    8.5422    9.5117   16.3903    6.5354   14.5889    8.2175   18.4409   19.3957   12.1288
   10.7771    6.2163    5.9308    3.0496   12.0859    2.8390   20.2792    4.0058    4.5458   14.2733   10.0710 10.5841   18.2681   10.1143    8.9901    9.8308
   10.1031    7.9259   14.2335   15.5311    6.2549    7.2592   10.9131   17.2399    1.5549    6.8101   12.1897 18.7089    2.2775   11.5460    8.9530    3.9678
   17.7669   15.5409    6.4981    7.5985   13.2814   20.4708    7.0682   16.5232    5.2190   16.5472   19.1252 18.6988   15.1807    5.0421   13.7198    9.8872
    8.6908    6.6120   11.8939   17.9338   13.8075   16.0260    9.0822   20.2431    3.6297   13.9982    3.7591 20.0846   10.7381   12.2638    1.8034   13.0133
   15.2915   18.3742    9.1993   17.4859   20.5355   10.0272    5.5984   13.6399    4.0285   16.4074   17.8694 4.4691   16.4065   11.1825    6.9342    9.7348
   11.7359    6.0207    4.9133    3.8362   12.0766    4.1100   17.4135    6.2980    1.7876    5.6387    1.1701 17.3965   19.0119    7.0481   13.2597   17.6824
    1.9862    2.5368    5.7562   19.4791    7.2374   11.8861   12.1362   13.2943    3.2187   17.1747    7.1785 9.0836    4.7414   11.5823   10.0472   16.5865
   18.9478    1.4986    3.7489   11.7254    1.2516   17.6385   18.9463    1.9554   19.0174   18.7821    1.7392  11.5820   11.0647   17.7397   18.2048    9.8197
   18.9085    4.3708   16.3180   14.3724   12.6869   15.9844   12.5356   15.9862   12.1008    1.2487    2.0038  20.5856    4.3881    1.6914   16.1092    9.4539
   11.5098    1.2947   20.1144    6.1832    3.4945   11.5030   10.7314   19.1928   18.2611   20.3527   19.8834 16.1777   13.3046   20.2862    4.8211   19.0516
   13.6822    7.5515   12.0496   20.3277   18.6939    3.9197   14.0595   11.9719    5.3349   20.8741    3.1203 17.3460   10.9201    5.6629   15.6673   11.8077
    1.5733   14.0388   15.9704   20.1223    3.6321    7.5095    3.2408   10.5179    8.7405    2.9696    5.2389 11.3166   11.0256    5.2904    3.2529   12.0532


    
    
  
   
   
   
   
    
   
    
  
  
  
   
   