16
-9.334040e-02    -2.542064e-02    2.779599e-02    1.297153e-01    -1.712817e-01    1.485242e-02    1.751674e-03    1.723591e-02    4.083798e-02    8.014515e-02    -7.656899e-02    -2.449244e-02    -5.724652e-02    4.403278e-02    4.979472e-02    -4.693803e-05    
-2.714736e-02    6.809122e-02    -1.095335e-02    8.594986e-02    -1.436080e-02    -3.409412e-02    4.008428e-02    1.117286e-02    -2.939904e-02    -1.568418e-02    -3.851605e-02    -4.960091e-02    -4.124655e-02    -1.752845e-02    4.059165e-02    3.430945e-02    
-1.533712e-02    -7.700956e-03    4.859090e-03    -1.384425e-01    -7.009385e-02    1.050995e-01    -4.824595e-02    -5.127479e-02    4.246783e-02    8.365061e-02    1.976412e-02    8.091439e-02    -2.268137e-02    2.611258e-02    4.149035e-02    -3.560321e-02    
-1.202576e-03    -3.729384e-02    -1.541986e-03    1.583507e-02    1.838173e-02    -7.278873e-03    -1.407781e-02    1.169664e-02    1.638641e-02    -2.212548e-02    1.563112e-02    1.400057e-03    1.999054e-02    -1.249714e-02    -2.492671e-02    3.433921e-02    
1.208581e-01    5.323310e-02    -1.014031e-01    -1.913678e-01    2.906420e-01    -8.810669e-02    -3.242895e-02    1.646722e-02    1.385053e-02    -1.129587e-01    1.075080e-01    2.121812e-02    1.639745e-01    -6.343237e-02    -9.434703e-02    -4.819651e-02    
2.009886e-02    2.335647e-03    -2.290101e-02    -1.235860e-01    4.498785e-02    1.842371e-02    -5.144251e-03    1.436532e-03    1.797639e-02    4.918057e-03    6.487936e-02    6.691535e-02    3.675987e-02    -2.381823e-02    -4.704818e-02    -2.920747e-02    
-6.193007e-02    6.478648e-03    3.380750e-02    1.383863e-01    -1.794811e-02    -9.347556e-03    1.238706e-02    1.943871e-02    -3.422612e-02    -1.562202e-02    -3.092750e-02    -6.319160e-02    -3.124414e-02    1.306708e-03    2.382228e-02    2.758463e-02    
-1.138410e-01    -5.313003e-02    1.725249e-01    3.179126e-01    -3.544850e-01    7.226561e-02    4.180974e-02    8.203680e-03    -2.597138e-02    8.101258e-02    -1.739948e-01    -1.015041e-01    -1.807032e-01    7.490295e-02    1.278480e-01    3.134482e-02    
5.116478e-02    3.436430e-02    -2.621269e-02    5.765269e-02    1.540659e-01    -1.253433e-01    2.279391e-02    2.595718e-02    -5.188888e-02    -1.372629e-01    -1.228593e-02    -5.591148e-02    7.950720e-02    -1.596377e-02    -3.627199e-02    4.496251e-02    
-3.908883e-02    2.685953e-03    2.077827e-02    3.736640e-02    -7.923826e-02    1.054125e-02    2.318657e-02    3.929457e-03    -1.682212e-02    1.448182e-02    -2.733320e-02    -2.660392e-04    -7.151704e-02    2.336916e-02    8.200664e-02    -5.672482e-03    
5.325849e-02    -7.526353e-04    -6.357675e-02    -8.442054e-02    1.885911e-01    -4.306288e-02    5.776327e-03    -1.542109e-02    6.934687e-03    -7.811587e-02    8.347847e-02    -5.362375e-03    1.001240e-01    -1.993587e-02    -9.279636e-02    1.873289e-03    
8.819929e-02    3.738808e-02    -1.022138e-01    -1.240023e-01    2.491161e-01    -7.397550e-02    1.601859e-02    3.910205e-02    -4.747690e-02    -9.632747e-02    6.549346e-02    8.362677e-03    1.127118e-01    -5.040180e-02    -7.805382e-02    4.505287e-03    
-3.338751e-02    -9.106468e-02    1.037552e-01    4.739442e-02    -1.743086e-01    9.127623e-02    -4.682497e-03    -1.760998e-02    2.343485e-02    9.151683e-02    -8.429007e-02    3.574652e-02    -1.014368e-01    3.620619e-02    3.619362e-02    2.284810e-02    
7.332169e-02    3.137389e-02    -4.771938e-02    -1.382949e-01    9.109541e-02    2.955059e-02    -4.724055e-02    -7.483878e-04    3.224183e-02    -3.331979e-03    4.666740e-02    6.869437e-02    3.708729e-02    -2.525000e-02    -6.203921e-02    -4.707355e-02    
3.248605e-02    -1.847351e-02    3.829547e-02    -7.469990e-02    -8.115426e-02    9.023072e-02    -6.193871e-03    -8.503276e-02    1.282858e-02    5.920712e-02    1.376968e-02    6.167552e-02    -2.700624e-02    7.374207e-04    2.744269e-02    -3.176020e-02    
-1.065606e-02    3.775658e-02    -5.635855e-02    -3.929312e-04    3.312021e-02    -7.915558e-02    5.716010e-04    4.490649e-03    6.060772e-03    2.052186e-02    6.067532e-02    -3.550378e-02    4.038605e-02    8.743395e-03    -2.093172e-02    2.889055e-03    
